"","baseMean","log2FoldChange","lfcSE","stat","pvalue","padj"
"ENSGMOG00000000665",44.6843820603045,1.12626709221007,0.196158100597378,5.74162927138946,9.37699344431483e-09,3.5008067325005e-05
"ENSGMOG00000001997",62.3529525327289,1.2281177504509,0.211707683610684,5.80100698049921,6.59178558214569e-09,3.07622153654784e-05
"ENSGMOG00000003882",12256.396644743,0.846911488351153,0.195771446409421,4.32602151071606,1.51826602683203e-05,0.0177134199517959
"ENSGMOG00000004390",486.310399638868,0.865604567435841,0.181900133675099,4.75868021615607,1.94862867286806e-06,0.0033068228578571
"ENSGMOG00000005292",181.446312909458,0.983628468090071,0.204196334664893,4.8170721071184,1.45680054118327e-06,0.00271940957022681
"ENSGMOG00000006123",1032.30969283215,0.915369658872882,0.201789979785127,4.53624932143608,5.72634803335042e-06,0.00890781156154603
"ENSGMOG00000007300",111.097335269226,-0.924146233445991,0.205491310253971,-4.4972521334543,6.88373386133614e-06,0.00988451230688936
"ENSGMOG00000007584",45.860936364733,1.0834077802878,0.201047815496927,5.38880652649698,7.09271095673876e-08,0.000189142336327775
"ENSGMOG00000009446",189.906865571602,1.33535885683708,0.205996439644174,6.48243658552399,9.02530230887686e-11,5.61584393999348e-07
"ENSGMOG00000009717",1240.23265716726,0.839610417138106,0.1920087648568,4.37277130429066,1.22679217364872e-05,0.0152670196703337
"ENSGMOG00000010752",3833.29001217596,0.759482621403649,0.183247857004946,4.14456481956649,3.40459645423836e-05,0.0373844717713338
"ENSGMOG00000012235",4282.806730739,1.04172318154406,0.193199414599623,5.3919582712136,6.96939547319507e-08,0.000189142336327775
"ENSGMOG00000013035",1649.57037221137,0.840462625810296,0.171173784876583,4.90999615634062,9.10781781466747e-07,0.00212519543932997
"ENSGMOG00000013507",564.162272850341,1.77248984149959,0.211548976776414,8.37862639899663,5.35489551718977e-17,4.99799173096907e-13
"ENSGMOG00000015291",345.200482715123,1.00363564674095,0.208227695776502,4.81989508167149,1.43633739250402e-06,0.00271940957022681
"ENSGMOG00000016966",20580.9799636344,0.799278270441381,0.18086915895206,4.41909651746229,9.91143787205015e-06,0.0132154864826829
"ENSGMOG00000018930",336.634759033116,2.10504770503191,0.210949349640039,9.9789248396543,1.88498171811867e-23,3.51869537321211e-19
