"","baseMean","log2FoldChange","lfcSE","stat","pvalue","padj"
"ENSGMOG00000000318",34693.291404663,1.5270046482692,0.187808336725962,8.13065423446729,4.26979649476502e-16,2.12237351099787e-12
"ENSGMOG00000000345",123.615456683458,0.870135963311547,0.189282315976206,4.59702724379666,4.28561600328413e-06,0.00639071058409729
"ENSGMOG00000000855",272.177079185713,1.89636122548177,0.192192418554479,9.86699288007671,5.78736026831515e-23,4.31505581605578e-19
"ENSGMOG00000001034",316.513441882748,1.07415771534233,0.19308029389946,5.56326952714117,2.64766471296548e-08,5.99168189218254e-05
"ENSGMOG00000001139",1093.375027421,0.973291378103915,0.175281980434556,5.55271783038364,2.81261891398054e-08,5.99168189218254e-05
"ENSGMOG00000001247",503.019386589146,0.825996539142657,0.185755761908099,4.44668058023046,8.72073611686735e-06,0.0118221469977024
"ENSGMOG00000002589",232.226148480399,0.931345387781439,0.193411522093269,4.81535628126807,1.4693748639121e-06,0.00273891474633215
"ENSGMOG00000005079",2069.3287496233,0.691106849353065,0.161129329583533,4.2891437030077,1.79363298983153e-05,0.0205743501110521
"ENSGMOG00000005676",113.113703163302,0.889589463747866,0.18956832706901,4.69271147507685,2.69607603401845e-06,0.00446709842436479
"ENSGMOG00000006842",257.090103606778,1.07213937669747,0.177499334348028,6.04024449238382,1.53880878652964e-09,5.73667915618249e-06
"ENSGMOG00000007538",76.0260319943692,-0.771047491486346,0.179537373075392,-4.29463502934604,1.74980955780422e-05,0.0205743501110521
"ENSGMOG00000009114",743.232582459363,2.19297763512481,0.191210743801659,11.4689038467397,1.89038631997426e-30,2.81894408034561e-26
"ENSGMOG00000009130",3450.11275333398,0.685304212951276,0.165073437845857,4.15151112071225,3.30287212481348e-05,0.0351803065180133
"ENSGMOG00000016347",280.128270034775,-0.788992372874214,0.192372056575808,-4.10138762831855,4.10679932483866e-05,0.0408270610213294
"ENSGMOG00000020520",192.434913972385,1.13644688328079,0.190786630657325,5.95663794347299,2.57479791361989e-09,7.67907729757995e-06
