"","baseMean","log2FoldChange","lfcSE","stat","pvalue","padj"
"ENSGMOG00000001225",34.1795309865668,0.633462241518636,0.14807261190188,4.27805137886267,1.88536509765574e-05,0.0133947334500533
"ENSGMOG00000001997",99.5462312490197,1.1640854301647,0.171420778139921,6.79080705849157,1.11507972571515e-11,6.337741467723e-08
"ENSGMOG00000002177",12.040380126636,0.50900475307605,0.125107784518874,4.0685298283678,4.73107052955719e-05,0.0260224140643483
"ENSGMOG00000002238",69.6926644614013,1.49290183745399,0.17084516167591,8.73833255100306,2.3657623376647e-18,2.01693068097604e-14
"ENSGMOG00000003237",164.022561671473,1.02001159171313,0.166886673934532,6.1120014418483,9.83892948116478e-10,2.09704483229176e-06
"ENSGMOG00000003882",12638.4596039726,0.940811501747234,0.139468580656723,6.74568779087868,1.52303804504188e-11,6.49233042650229e-08
"ENSGMOG00000003971",6795.11698625697,0.664301534918034,0.137173391495496,4.84278713003788,1.28030429294945e-06,0.00128539997757826
"ENSGMOG00000004390",420.825971494832,0.76517056562698,0.143783680537355,5.3216788078268,1.02813984471809e-07,0.000146090104102401
"ENSGMOG00000004684",751.499646228369,0.657135365038038,0.160099152514395,4.10455242715264,4.05098398772505e-05,0.0246690457052499
"ENSGMOG00000005264",65.936507188536,0.769960487975593,0.173131057429273,4.4472695968494,8.69686605869284e-06,0.00741451315833858
"ENSGMOG00000005292",190.949603235261,0.798863719366641,0.17282041859751,4.62250772130782,3.7912869554649e-06,0.00359140188209067
"ENSGMOG00000006123",495.759749911212,0.726273577610969,0.168749111872942,4.30386607402005,1.67843148216836e-05,0.0124430153054142
"ENSGMOG00000007584",27.9130890649951,0.788667474449616,0.149888683794508,5.26168790387706,1.42738910073245e-07,0.0001872185504353
"ENSGMOG00000008414",1794.03232441265,0.491723315529329,0.120372051618777,4.08502894913376,4.40713216144189e-05,0.0250486701615819
"ENSGMOG00000009114",102.7234749588,0.702554565152056,0.164811825560502,4.26276793405307,2.01910177171057e-05,0.0137710817237747
"ENSGMOG00000009714",2450.85684793607,0.595152784562439,0.1310410684856,4.54172719621744,5.57952122477604e-06,0.00500717981071875
"ENSGMOG00000009781",150.274667901266,0.747767738994001,0.140288151374049,5.33022733331367,9.80899023376351e-08,0.000146090104102401
"ENSGMOG00000010366",129.15319311984,0.675347559485377,0.165287286045263,4.08590143648698,4.39060153895234e-05,0.0250486701615819
"ENSGMOG00000010875",4601.67439835647,0.596296786517745,0.142096951805904,4.19640800833118,2.71181533814585e-05,0.0177842935887404
"ENSGMOG00000011560",144.638097224287,0.715586414609298,0.16603074701789,4.30996322947455,1.63281693280661e-05,0.0124430153054142
"ENSGMOG00000012235",4593.08554585783,0.96413306863618,0.156668684065163,6.15396161899956,7.55709803707773e-10,1.84080112328875e-06
"ENSGMOG00000012449",1699.96975289721,0.997880310936466,0.158734851120177,6.28646011820668,3.24786402873053e-10,9.22988825898072e-07
"ENSGMOG00000013507",468.967134110599,0.546979082907846,0.131718572120297,4.15263446986272,3.2866950475954e-05,0.020756087872796
"ENSGMOG00000015291",225.495801683181,1.08074609365386,0.171762718608288,6.29208772666522,3.13224370125417e-10,9.22988825898072e-07
"ENSGMOG00000016541",26.9200040882989,0.823097632429458,0.153707672670243,5.35495475359446,8.55778291398956e-08,0.000146090104102401
"ENSGMOG00000017460",52.5345929890273,0.819597714976157,0.169247692641442,4.84259313781315,1.28155531164333e-06,0.00128539997757826
"ENSGMOG00000018518",58.5393422564364,0.916333116335322,0.171449212732449,5.34463297749452,9.06004428505608e-08,0.000146090104102401
"ENSGMOG00000018930",318.296612708276,2.28764020732795,0.170694448176168,13.4019602381382,5.88870006348357e-41,1.00408224782458e-36
"ENSGMOG00000018986",376.790591793811,0.727200246805246,0.148228899653645,4.90592757892987,9.29868327493747e-07,0.00113251320372113
"ENSGMOG00000019835",342.333721670447,0.791743835911272,0.163130817410529,4.85342897485029,1.21344813586638e-06,0.00128539997757826
"ENSGMOG00000019929",396.975914506342,0.752378768019682,0.171578080663937,4.38505177997262,1.15958191955361e-05,0.00941525300490888
