"","logFC","logCPM","LR","PValue","FDR"
"ENSGMOG00000004390",5.56031774975116,3.59421935499531,710.444352713895,1.6015290596884e-156,3.08566603930163e-152
"ENSGMOG00000019932",10.9391952023557,1.3661720581279,380.560159358784,9.3973625865412e-85,9.05294924774446e-81
"ENSGMOG00000002220",10.1115304286035,0.633593276760835,222.27872561704,2.87969701597082e-50,1.84943741355699e-46
"ENSGMOG00000007584",5.30837693756609,1.11909453782557,168.98748151087,1.23115973641335e-38,5.930188660369e-35
"ENSGMOG00000000665",5.71790850495429,0.965402297300313,152.357660109939,5.29245551208028e-35,2.03939480702502e-31
"ENSGMOG00000002238",4.59682101520852,1.17042346891932,140.650518555424,1.91850371421661e-32,6.16063517696857e-29
"ENSGMOG00000016541",4.1795397159419,0.356506212088509,134.162827092847,5.0333526791558e-31,1.3853943724185e-27
"ENSGMOG00000019728",1.19701542794187,6.36841326551972,127.982484331648,1.13237925632701e-29,2.72719389145657e-26
"ENSGMOG00000002177",8.93738132780648,-0.488117037059307,97.0347269310411,6.81220048881273e-23,1.45834074242172e-19
"ENSGMOG00000003279",1.26183180917082,6.21671108871482,95.2192077209355,1.70428614024462e-22,3.2836481064093e-19
"ENSGMOG00000003237",1.75091355269339,2.0575705649588,80.2860224667681,3.23952549386145e-19,5.67417615365715e-16
"ENSGMOG00000015291",1.77360548598621,2.77434859185156,74.2329234145813,6.94227644223145e-18,1.11464033510394e-14
"ENSGMOG00000018930",5.42050031225283,3.22096211187591,66.9879297922644,2.73174582928766e-16,4.04865745329887e-13
"ENSGMOG00000018518",2.69389356088877,0.579753191880031,64.4005292346252,1.01530878250455e-15,1.39728245089393e-12
"ENSGMOG00000001652",1.47256362230946,3.09014083910592,60.5050946494203,7.33882941016517e-15,9.09930305049976e-12
"ENSGMOG00000001225",3.87767697426364,0.0168152539508268,60.4475895802513,7.55638391072799e-15,9.09930305049976e-12
"ENSGMOG00000003971",0.884499022748676,7.02144448644752,55.6264116957092,8.76382269988479e-14,9.93250423286354e-11
"ENSGMOG00000003882",1.59015150195789,8.28472139281843,53.8403500449541,2.17460539391448e-13,2.32767345136391e-10
"ENSGMOG00000019974",1.02595505166226,5.78981824928049,53.6695917111279,2.37206396559008e-13,2.40539770658021e-10
"ENSGMOG00000016966",5.10745661396863,8.98870933200746,52.808514426948,3.6770378696297e-13,3.54227443170777e-10
"ENSGMOG00000014183",5.39034164941409,-0.904732920469572,51.2868659631759,7.98078070207574e-13,7.32217627556635e-10
"ENSGMOG00000011057",1.04209325419809,4.33271496405876,51.0797235858899,8.86897004794751e-13,7.76720208699112e-10
"ENSGMOG00000006684",7.59444094130117,-1.8784654239996,50.139759528097,1.43176369338108e-12,1.19938222088579e-09
"ENSGMOG00000003945",-0.779313354673453,5.5442784697598,48.1912756527447,3.86604634566306e-12,3.10362978924543e-09
"ENSGMOG00000005773",-0.787821427375709,4.35310494162646,47.9643296634658,4.34044237307498e-12,3.34509212808143e-09
"ENSGMOG00000017771",1.00449462207595,3.93662093492918,44.8478658353151,2.12952845364389e-11,1.57806248909064e-08
"ENSGMOG00000017405",0.868914753569884,4.66527370952401,43.1680968190849,5.02331193239932e-11,3.58459818524214e-08
"ENSGMOG00000016347",4.38436144671163,6.61382031980602,42.6417126496512,6.57423729029105e-11,4.52377963828706e-08
"ENSGMOG00000004684",0.915549756571954,4.14118817933479,42.5703520080043,6.81851005863005e-11,4.5300770103319e-08
"ENSGMOG00000004610",0.716121514346542,5.78906468960988,39.6016662895488,3.11417473583856e-10,1.96584341045993e-07
"ENSGMOG00000011652",-0.83336215457816,4.06319028412785,39.5645078498375,3.1739967640079e-10,1.96584341045993e-07
"ENSGMOG00000011939",0.869813436962286,3.83583900923568,39.509297449823,3.26501215211074e-10,1.96584341045993e-07
"ENSGMOG00000019929",2.41672114977816,3.80825250704662,38.4897181956587,5.50429031733774e-10,3.21367156194383e-07
"ENSGMOG00000019370",5.63501349099516,-1.88899461125041,38.376518738327,5.83300345709602e-10,3.30542581199615e-07
"ENSGMOG00000016366",3.7688337710134,5.64890520488863,37.1831757222448,1.07537572712692e-09,5.91978975272984e-07
"ENSGMOG00000007454",-0.649132904378392,5.50198691386012,36.8462584503599,1.27821156673048e-09,6.70445002094412e-07
"ENSGMOG00000013507",4.92476622829612,4.26820717052701,36.8321263467235,1.28751051422086e-09,6.70445002094412e-07
"ENSGMOG00000019156",1.27837871100384,5.29372564683229,36.6287626281939,1.42907471733367e-09,7.24578488917572e-07
"ENSGMOG00000003680",1.04645586668577,2.49372801371958,36.2144147568608,1.767582782327e-09,8.73231217104982e-07
"ENSGMOG00000005222",1.13616483506637,1.67948367614827,34.6840310037539,3.87799684467597e-09,1.8679341301593e-06
"ENSGMOG00000016334",-0.992612818393949,2.98215076708775,34.1183330664273,5.18603583522629e-09,2.43705737651963e-06
"ENSGMOG00000001997",2.39573963653762,0.338152066449668,33.6667384217684,6.54096066379408e-09,3.0005878359362e-06
"ENSGMOG00000014790",0.822892014667586,5.20083528710607,32.8870238254041,9.76730485918822e-09,4.37643401679022e-06
"ENSGMOG00000001643",0.855085314389225,3.1094576501173,32.6521816258606,1.1021563747582e-08,4.82619247101504e-06
"ENSGMOG00000011698",3.60877126199648,-0.664463746083109,31.9050592715976,1.61894934649157e-08,6.93162156863401e-06
"ENSGMOG00000012449",0.983293119566151,4.72227378681397,31.173233460243,2.35997797656327e-08,9.88471645096618e-06
"ENSGMOG00000012235",1.11249713459281,5.98944634818826,30.3622383963267,3.58438336723163e-08,1.46936839013727e-05
"ENSGMOG00000007129",0.638069056710098,4.71778564627163,29.8972997820253,4.55546809581283e-08,1.8285459125422e-05
"ENSGMOG00000005342",0.93123849443394,4.38751021864634,29.4319855058794,5.79138695850178e-08,2.26648706916568e-05
"ENSGMOG00000014761",5.43939063333754,-1.92266683039568,29.4019690420496,5.88178509670857e-08,2.26648706916568e-05
"ENSGMOG00000004445",1.5404069313438,0.201029944245049,28.7472447726126,8.24671603120937e-08,3.11547995633943e-05
"ENSGMOG00000000395",-0.711030135295023,3.89376765137957,28.47622139325,9.48563392906752e-08,3.51460978675661e-05
"ENSGMOG00000004117",0.716660659366927,4.26464067108865,26.9618875923394,2.07506976575437e-07,7.5434658824131e-05
"ENSGMOG00000004365",7.1188898906402,-1.89416375872015,26.5148935969804,2.61514124499101e-07,9.33072710504477e-05
"ENSGMOG00000006403",-0.822353284400694,3.72830388940189,26.0947129480445,3.25072924032884e-07,0.00011387600049712
"ENSGMOG00000009210",0.596193964307922,4.57660232681936,25.7274092148667,3.9320276164814e-07,0.00013528281444062
"ENSGMOG00000015210",1.31369665971678,1.43636446309475,25.4180778126721,4.61572407699849e-07,0.000156019571564088
"ENSGMOG00000002736",0.99022874575111,3.79716247822819,25.3713500120935,4.72889435538638e-07,0.000157088978526258
"ENSGMOG00000013920",1.87399901639061,0.662923081173697,24.7426332277255,6.55187422228809e-07,0.000213957560408177
"ENSGMOG00000002678",1.15418521772248,8.83535048585402,24.3219714989186,8.1504071530163e-07,0.000261723157695275
"ENSGMOG00000000288",-0.535201268846019,4.92110733463707,23.9057920106769,1.01166925348237e-06,0.000319538221423684
"ENSGMOG00000006688",5.47771823515663,-1.50956472020502,23.6000654502915,1.18583482711619e-06,0.000368507735710445
"ENSGMOG00000004671",6.35606679839292,-2.64179713083609,23.5517592379,1.21598195816195e-06,0.0003718781648874
"ENSGMOG00000020341",1.32828038738628,0.630746951186142,23.2616191305337,1.4139363942348e-06,0.000425661132933156
"ENSGMOG00000014898",2.32838301700686,4.08033495351811,22.8884146541028,1.71683528959261e-06,0.000508896392685858
"ENSGMOG00000008920",1.06127713690869,1.70316997107928,22.7296568643305,1.86467705225471e-06,0.000544344435845327
"ENSGMOG00000013259",0.948529962935677,3.24041009230394,22.3902084487848,2.22505501484438e-06,0.000639852760761292
"ENSGMOG00000011227",-0.663387574534464,4.78901524320997,22.3062842762872,2.32444675082549e-06,0.00065860464041404
"ENSGMOG00000012239",3.88519531035556,6.37919056373703,22.2555376760404,2.38669468857346e-06,0.000666441254561518
"ENSGMOG00000012386",2.51760323978844,-0.7027903371368,22.1090387612904,2.57593996540146e-06,0.00070900907590557
"ENSGMOG00000019522",2.3171196062065,-0.54798085232502,22.0524979209129,2.65294217226018e-06,0.000719918828632915
"ENSGMOG00000015423",-0.538442164291724,7.04126480328946,21.9314748423103,2.82561323484317e-06,0.000746872064977244
"ENSGMOG00000016012",4.66114298063551,4.27961757024645,21.9286367723744,2.82979502482685e-06,0.000746872064977244
"ENSGMOG00000008869",-0.592930277261183,5.26591276834814,20.8750315829521,4.90243435317431e-06,0.00126605830211814
"ENSGMOG00000019024",0.719486371852403,3.63106167841141,20.8649357023643,4.92834238121455e-06,0.00126605830211814
"ENSGMOG00000001267",1.91408718615649,-0.63729884422195,20.7828332596,5.14420122410868e-06,0.00130412269716976
"ENSGMOG00000008433",0.506134358919051,4.81694799263324,20.462581559626,6.08085002928327e-06,0.0015213336443874
"ENSGMOG00000005866",-0.786217869800703,2.20490801275491,20.4381643424953,6.15892584534268e-06,0.0015213336443874
"ENSGMOG00000013580",0.598549923073346,3.59569370935284,20.3352950142514,6.49906215765626e-06,0.00158503076698181
"ENSGMOG00000020310",2.68778061820683,-1.53416685849971,20.1398276084278,7.19820497856146e-06,0.0017335976915243
"ENSGMOG00000007102",0.999580707796309,2.54692035777804,19.8720787986015,8.28008614611751e-06,0.00196953604663267
"ENSGMOG00000009396",0.602606977234281,4.58737902624133,19.8457802055551,8.39478428778624e-06,0.00197246718137533
"ENSGMOG00000010875",0.662233600675796,6.46196650071842,19.8180413642146,8.51749295837296e-06,0.0019771871907105
"ENSGMOG00000001115",0.540339189118976,6.10484664960428,19.7540501588802,8.80748504333869e-06,0.0020201644563096
"ENSGMOG00000011118",-0.838184459648795,2.81194962994578,19.3233850910808,1.10346593798346e-05,0.00250123273260322
"ENSGMOG00000014936",1.35518969007387,0.954000210283619,19.131067768372,1.22042046779e-05,0.00273416757591977
"ENSGMOG00000004841",-1.07170240765872,1.75881330381194,19.0544575364201,1.27040680042183e-05,0.00281343997973878
"ENSGMOG00000007280",0.739494992457178,4.03459003571886,19.009069808234,1.30098587915377e-05,0.00282517590077314
"ENSGMOG00000003089",0.556399419301436,6.25722031165602,19.0031436034238,1.30503272522349e-05,0.00282517590077314
"ENSGMOG00000001579",-0.663307079540439,3.61241064975999,18.8440722129044,1.41851249555652e-05,0.00303672002798751
"ENSGMOG00000003994",0.932940567532419,3.65364908122782,18.6551164297226,1.56626394732338e-05,0.00331617664539335
"ENSGMOG00000009892",-0.587279548588477,3.87475136255416,18.5214238499785,1.68005197351681e-05,0.00351843058410307
"ENSGMOG00000019835",1.19285930650566,2.76218987064275,18.0304362696313,2.17401232918566e-05,0.00450394575767959
"ENSGMOG00000005198",0.745868581653811,5.23307782815432,17.6440051187477,2.66353493683061e-05,0.0054593965561612
"ENSGMOG00000002510",-0.672637872918489,2.79760373745979,17.6007221621212,2.72484853187338e-05,0.00552627964880047
"ENSGMOG00000005621",-0.747176905888868,2.21757647123906,17.5027796752844,2.86887935624461e-05,0.00575778109966301
"ENSGMOG00000012463",-0.471354836089901,4.97345413884534,17.4130347238689,3.00756406838783e-05,0.0059738904026421
"ENSGMOG00000012762",2.91047675067364,-2.01884621701174,17.2900921346537,3.20855475259746e-05,0.00630808412431585
"ENSGMOG00000009240",0.499845294774767,4.53013167930346,17.2482697553172,3.27996110447753e-05,0.00638333440403723
"ENSGMOG00000001571",1.18333514317874,1.73525974546121,17.1256828106975,3.49859960974796e-05,0.0067407518681014
"ENSGMOG00000001798",-2.69187035201282,-0.532911700203682,17.0779156192429,3.5877086962516e-05,0.00684399836145342
"ENSGMOG00000001748",0.491868637340106,3.83168079071321,16.7121962161714,4.35004452202828e-05,0.00821689292214891
"ENSGMOG00000008231",-1.00876483795557,1.77817685633499,16.6318089796927,4.53834740564748e-05,0.00848935334607863
"ENSGMOG00000013782",0.582843325148111,3.74287750582332,16.4068587694286,5.10999917824897e-05,0.00946676482378106
"ENSGMOG00000008748",0.767346505759744,2.40276799711293,16.2784038742615,5.46836538492967e-05,0.0100269719984308
"ENSGMOG00000016902",4.92126684015563,-2.11794375241175,16.2440814229286,5.56832706992123e-05,0.0100269719984308
"ENSGMOG00000009019",-0.496795488518585,4.08425880082645,16.2426760760694,5.57245897692822e-05,0.0100269719984308
"ENSGMOG00000009511",-1.65530986575203,0.044200025679836,16.2263931578178,5.62055834240166e-05,0.0100269719984308
"ENSGMOG00000019294",-0.444928257358976,6.34078712218122,16.1541415459645,5.83907548527895e-05,0.0103212355389789
"ENSGMOG00000016102",-0.561652932686156,5.23153736628709,16.0791074427045,6.07505815006918e-05,0.010640740488853
"ENSGMOG00000002408",2.10708724779538,-0.692987377777835,15.9522222074738,6.49614726868473e-05,0.0111823572160349
"ENSGMOG00000007158",1.48462783847767,0.710758707559365,15.9509955738304,6.50035816783052e-05,0.0111823572160349
"ENSGMOG00000005961",0.521288888608579,7.22535844894877,15.8840903684414,6.73424429035564e-05,0.0114821844904674
"ENSGMOG00000013856",-0.517698148640698,5.06354746545284,15.8006785808312,7.03772631008703e-05,0.0118943748084602
"ENSGMOG00000017732",-0.416502787940784,6.15924101677256,15.7702440936626,7.1518518406724e-05,0.0119821503838465
"ENSGMOG00000008414",0.610977063448357,5.52563293392706,15.7375975372089,7.27634290164357e-05,0.0120856291970661
"ENSGMOG00000011681",-0.448605120595369,5.71613706878234,15.7058280659137,7.39958207265707e-05,0.0121852775892208
"ENSGMOG00000014909",4.56648373794745,-3.2301624594146,15.6248273408013,7.72338470471605e-05,0.0126107163648953
"ENSGMOG00000012626",-0.610111002465573,3.10882991737924,15.5516292188979,8.02824334682455e-05,0.0129983331565772
"ENSGMOG00000010051",0.614805440736964,3.81914421136771,15.468892268715,8.38743401432731e-05,0.013428348073099
"ENSGMOG00000019500",5.34693083042514,-3.43009327298132,15.4586009991629,8.43322840527833e-05,0.013428348073099
"ENSGMOG00000019807",-0.661687387721355,5.81133649350954,15.3838358118855,8.77356136027246e-05,0.0138557546498664
"ENSGMOG00000006471",-0.477312015336617,4.87863315350845,15.2941711093068,9.19999582882429e-05,0.0144110828970697
"ENSGMOG00000009501",5.56561434062192,-3.11902946468551,15.2281471872956,9.52727742159707e-05,0.0148033914582186
"ENSGMOG00000015073",1.4805631170223,0.341133990342962,15.2091684095641,9.62350563937217e-05,0.0148332866523027
"ENSGMOG00000014873",0.445959505121993,6.94136292157868,15.1613457485863,9.87034129535216e-05,0.0150930052172659
"ENSGMOG00000015801",0.627852140033725,3.02823444291036,15.1425591270887,9.96904230915179e-05,0.0151239006433408
"ENSGMOG00000011437",-0.514648778556148,6.51723358345406,15.0949161550292,0.000102238254825167,0.0153892535602851
"ENSGMOG00000002517",0.485659598507338,5.92163876041348,15.0690793656638,0.000103647246519152,0.0154803992146085
"ENSGMOG00000019298",0.459161980758567,6.12560572206503,14.9647793126196,0.000109536709196084,0.0162341828929304
"ENSGMOG00000002749",-5.95771839740031,-2.9972986011907,14.9210686588765,0.000112103998286419,0.0164878453052247
"ENSGMOG00000002541",0.408213544947532,7.16732000567234,14.852994073284,0.000116223429901142,0.016964218362919
"ENSGMOG00000016649",-0.461937297478306,4.19648273174463,14.8193094436337,0.000118317820517394,0.0171400710369071
"ENSGMOG00000002576",-0.665312041186957,3.45177250507046,14.7952192077792,0.000119838928777848,0.0171748070019723
"ENSGMOG00000001004",0.507754031336626,3.62460506957121,14.7873443056857,0.000120340423795415,0.0171748070019723
"ENSGMOG00000001747",0.539626624362582,3.40956068194332,14.7148943268685,0.000125054518171043,0.0177163632470697
"ENSGMOG00000003190",0.554924483344146,3.10220655321274,14.6898047970014,0.000126729992773145,0.0178226771588335
"ENSGMOG00000012138",-0.566743431781545,3.7345418116925,14.6284623782976,0.000130922231255238,0.0182788306492367
"ENSGMOG00000011232",0.454901273404422,4.9203316115183,14.6032435918874,0.000132685966232471,0.018391802240295
"ENSGMOG00000019453",5.24499268199755,-3.45217004233653,14.5856355191226,0.000133931591791169,0.0184318569931461
"ENSGMOG00000001108",0.911005912907861,1.27805711229555,14.476039065933,0.000141953775559173,0.0192335507738208
"ENSGMOG00000005975",-0.488709892904272,4.87001205139666,14.4677160757436,0.000142582411321553,0.0192335507738208
"ENSGMOG00000017036",0.685551488052625,2.01645318809431,14.4654805293242,0.000142751739277333,0.0192335507738208
"ENSGMOG00000013155",0.489696730713798,5.71050728199013,14.4325736592631,0.000145267773932494,0.0194366263913706
"ENSGMOG00000000374",0.534885715126594,4.5221422810528,14.3062132278316,0.000155351270168201,0.0206424339471085
"ENSGMOG00000015620",5.71611710845555,-2.87472076223611,14.2645011897861,0.000158832310927033,0.0209604255796654
"ENSGMOG00000000575",0.777100319232362,6.20630679675852,14.2249563772867,0.000162205006269932,0.0212598901755291
"ENSGMOG00000013943",0.84521106157541,1.32914722331591,14.1504799181629,0.000168754051093794,0.0219688128542171
"ENSGMOG00000020373",1.69655573961479,-0.536600235650451,14.1072560491024,0.000172676389822419,0.0223285637765675
"ENSGMOG00000002588",0.415585911477171,10.1599160395588,14.0738823206275,0.000175767597147508,0.0225047015774674
"ENSGMOG00000010752",0.493835912029881,6.29207852341041,14.0525091764637,0.000177776480436502,0.0225047015774674
"ENSGMOG00000004488",0.550848956820721,4.45947893107397,14.0419032483174,0.000178781911466226,0.0225047015774674
"ENSGMOG00000006510",0.595386258870946,3.22453218771267,14.0309249508548,0.000179828676026142,0.0225047015774674
"ENSGMOG00000014285",2.51105221535871,-1.88740226058239,14.0233333628286,0.000180556131149729,0.0225047015774674
"ENSGMOG00000010207",-2.24712806763767,-1.91436559539937,13.9976257342059,0.000183041621416801,0.0225047015774674
"ENSGMOG00000005360",0.540591810784214,4.45422751379956,13.997451380414,0.000183058595594677,0.0225047015774674
"ENSGMOG00000004543",0.450417134650015,4.76235428905475,13.9941234438304,0.000183382890313094,0.0225047015774674
"ENSGMOG00000009251",0.563314508924117,3.9892122268001,13.9242146376225,0.000190330617272509,0.0232094936898065
"ENSGMOG00000012229",1.05274219571684,2.32481426370909,13.8695436989441,0.000195948267096463,0.0235929809820262
"ENSGMOG00000012945",1.03616247651228,0.423620934101401,13.8641956970932,0.000196506685923292,0.0235929809820262
"ENSGMOG00000014623",-0.509406459242516,5.96516631367629,13.8580630506385,0.000197149008050357,0.0235929809820262
"ENSGMOG00000002274",0.907614758219481,0.863995424425424,13.7518203293613,0.000208618554061139,0.024811442475901
"ENSGMOG00000017142",0.665100700103183,2.71373838801006,13.6979924923788,0.000214683849574742,0.0253761578512672
"ENSGMOG00000018414",4.87693149123223,-3.76210442009287,13.6485669120577,0.000220409480858722,0.0258908978974972
"ENSGMOG00000007749",-0.438212703695699,4.33637041886448,13.6373838136321,0.000221726171852756,0.0258908978974972
"ENSGMOG00000000887",2.26158342885699,-0.888395153132266,13.6010445897458,0.000226059702260362,0.0262379053219903
"ENSGMOG00000013175",-0.424585572883737,6.89219855535894,13.5773601629481,0.000228929961415152,0.0264119375244655
"ENSGMOG00000010882",-0.6771804568499,8.12634091469531,13.551224635101,0.00023213990719199,0.0265277325213208
"ENSGMOG00000015381",2.74634392820102,-1.80643021915347,13.5468038642772,0.000232687330466768,0.0265277325213208
"ENSGMOG00000016666",-0.727639419737755,3.12459531929001,13.4386594024292,0.000246491700175636,0.0279018430167763
"ENSGMOG00000014714",-0.39770490931905,5.47230949725869,13.4210561513095,0.000248815572772872,0.0279018430167763
"ENSGMOG00000000741",0.412394821517435,4.9521489207078,13.419027422294,0.000249084808163467,0.0279018430167763
"ENSGMOG00000011052",-0.69291897211735,3.58136120878487,13.3701086669773,0.000255666540801168,0.0284735678706133
"ENSGMOG00000011805",0.496003256138639,3.91974661818059,13.3476874288415,0.000258741498453342,0.0286504163833365
"ENSGMOG00000007600",1.3577205621567,1.27433642481491,13.2821547496106,0.000267944362115289,0.029499908713573
"ENSGMOG00000014201",-0.455934326433817,3.98142719588981,13.2303775851916,0.000275448317820691,0.0300779407322295
"ENSGMOG00000009981",0.410755221542668,5.02674232643506,13.2244771974194,0.000276316785675228,0.0300779407322295
"ENSGMOG00000017801",-0.479245391820833,3.54293584016485,13.1980277736358,0.000280243876595213,0.0303340380357302
"ENSGMOG00000006777",-3.39234798583364,-1.58103603620663,13.0971716877252,0.000295741951170863,0.0318327383978157
"ENSGMOG00000002699",1.31159359448625,0.209324839823143,13.0845617683554,0.000297739481696812,0.0318697032991804
"ENSGMOG00000003461",0.596732920463035,4.16481960371517,12.9606335431244,0.000318109513612382,0.0337806373196347
"ENSGMOG00000011524",0.907625205567027,0.899539863913059,12.9548205809353,0.000319098769511263,0.0337806373196347
"ENSGMOG00000019940",-1.03144168014339,0.669624284249896,12.8073198815039,0.000345265821074121,0.0363510195335251
"ENSGMOG00000012244",2.90260301344775,7.69544998708834,12.7812467467537,0.000350111511042467,0.0366608613220392
"ENSGMOG00000009270",0.42657605625821,7.94934232360119,12.7124610673701,0.000363227093858649,0.0378286292831059
"ENSGMOG00000001621",0.444409110137282,5.14546608077868,12.6937232255124,0.000366885023668281,0.0379693799101349
"ENSGMOG00000013870",-0.376131756384684,6.43888065968488,12.682292971983,0.000369134616653177,0.0379693799101349
"ENSGMOG00000013965",0.67683201958948,2.33643540058053,12.6744918155789,0.000370677948621891,0.0379693799101349
"ENSGMOG00000009446",2.43906659679308,1.62209573658315,12.6655178739145,0.000372461348576088,0.0379693799101349
"ENSGMOG00000015850",3.96823229928769,-2.83392175483281,12.6431127235992,0.00037695181673542,0.0382248981739018
"ENSGMOG00000003088",-0.712534105707661,2.46734043322064,12.5050843820006,0.000405846013514709,0.0409068050142541
"ENSGMOG00000004444",0.715854016699331,2.53881211541017,12.4968189452543,0.000407645537070472,0.0409068050142541
"ENSGMOG00000018471",-0.4398732622358,4.58398844261874,12.472164491886,0.000413061183748603,0.0412354913330794
"ENSGMOG00000009703",0.585357810887204,4.60560928626668,12.4139093695332,0.000426147818111801,0.0423226289255673
"ENSGMOG00000017215",-0.532411602253175,3.70813851304948,12.3662606804517,0.00043716227863133,0.0431938749866145
"ENSGMOG00000011584",4.82007081858019,-3.5919675165412,12.3446100401956,0.000442261520235537,0.0434747587264188
"ENSGMOG00000003829",-0.381822855207026,6.57078085568,12.3011514813672,0.000452678931375163,0.0442729186335292
"ENSGMOG00000008047",-3.10262320175061,-2.9168221174444,12.2653147556346,0.000461455378312389,0.0447454760344126
"ENSGMOG00000006989",-0.408599209814648,6.02179025107241,12.2624857060205,0.000462155485070229,0.0447454760344126
"ENSGMOG00000011502",4.83786915767991,-3.66316494073824,12.1475680215514,0.000491519158631575,0.0472464156988878
"ENSGMOG00000005893",0.426542520971137,4.10911626694548,12.142370259557,0.000492890930371955,0.0472464156988878
"ENSGMOG00000008850",-0.851676534619524,5.11246192890464,12.1052782497379,0.000502792932307947,0.0479569872612734
"ENSGMOG00000016964",-0.555952019637863,2.98449853232826,12.0813494735607,0.000509287215517853,0.0483371270018841
"ENSGMOG00000003847",-4.61360044249995,-2.94729746162663,12.0665102135939,0.000513357067493009,0.0483618303789222
"ENSGMOG00000020511",-0.562531668624844,2.47630921954597,12.0501303281523,0.000517887586756661,0.0483618303789222
"ENSGMOG00000009588",-0.418357314571142,6.75028178543397,12.0412138327391,0.000520370746777088,0.0483618303789222
"ENSGMOG00000012948",-0.731039430017316,2.02979618384295,12.0373992987574,0.00052143672588165,0.0483618303789222
"ENSGMOG00000019687",0.429342489031112,4.25646795773119,12.0350371964308,0.000522097924887934,0.0483618303789222
