"","baseMean","log2FoldChange","lfcSE","stat","pvalue","padj"
"ENSGMOG00000000318",22360.1609677639,1.99109589900987,0.1927633692379,10.3292233731013,5.19797184900645e-25,4.1498008256543e-21
"ENSGMOG00000000544",537.48709408468,0.762236589428865,0.156864737017894,4.85919655315466,1.17863078105381e-06,0.000784133236711926
"ENSGMOG00000000665",70.2200467913632,1.31803705600838,0.182115811995715,7.23735650169351,4.57514401139572e-13,1.46102648859911e-09
"ENSGMOG00000001034",250.385320666534,0.877897496514064,0.192821156238715,4.55291065378333,5.29087473215499e-06,0.00301712131601138
"ENSGMOG00000001225",36.5222509418101,0.753105584902387,0.172872700081857,4.35641708925576,1.32208739475062e-05,0.00620875571528916
"ENSGMOG00000001997",74.0755917158407,1.32993265378936,0.19263129641991,6.90403209917818,5.05468704073237e-12,1.07654130754689e-08
"ENSGMOG00000002177",29.1490168791471,0.734069887148147,0.15631337123563,4.69614263543454,2.65120442238755e-06,0.00162814542354854
"ENSGMOG00000002238",78.7661188766213,1.72056789226272,0.191889724151615,8.96644101120952,3.0624984052582e-19,1.62996373455859e-15
"ENSGMOG00000002541",5632.345133854,0.465926423368543,0.120891744738769,3.85407973369356,0.00011616573663969,0.0463704579231482
"ENSGMOG00000002699",45.5475814378629,1.0175963189533,0.192234932768633,5.29350365356355,1.19994843486528e-07,0.000119747354121837
"ENSGMOG00000003237",152.648126818221,1.19106929308851,0.17600663743275,6.76718395659143,1.3131307702406e-11,2.32963988982574e-08
"ENSGMOG00000003882",12645.8794693775,1.1966835769599,0.168958730709978,7.08269748435809,1.41375078103874e-12,3.76222645347427e-09
"ENSGMOG00000003971",5395.77245953057,0.778828048162224,0.135864649597675,5.73238182609315,9.90300289961734e-09,1.21631728690915e-05
"ENSGMOG00000004390",1254.64678588891,0.864277819560662,0.165606419494026,5.21886664901802,1.80021313961515e-07,0.000153853323087507
"ENSGMOG00000005407",489.538279018734,0.791729327585411,0.161916744721569,4.88973100927186,1.00973862500721e-06,0.000700978114151746
"ENSGMOG00000005621",188.89650746031,-0.661297176003823,0.166647372278303,-3.96824244488805,7.2404652914857e-05,0.0304232919234611
"ENSGMOG00000006817",1602.55388177848,0.640321860621975,0.144839098514359,4.42091857233216,9.8282207321906e-06,0.00490397501346523
"ENSGMOG00000006842",102.320312990752,0.718832744963236,0.161980667262541,4.43776876038014,9.08961916625985e-06,0.00468174029766681
"ENSGMOG00000007584",79.8336433172394,0.810724011900601,0.165482965263006,4.89913877607945,9.62576411880474e-07,0.000698611707658887
"ENSGMOG00000009114",564.333072378122,1.31282784409042,0.190408231934237,6.8948061265746,5.39383131482129e-12,1.07654130754689e-08
"ENSGMOG00000009781",133.91844444507,0.789277618540065,0.167193825216526,4.72073425868392,2.34994790578546e-06,0.00150086472846706
"ENSGMOG00000011057",858.243648874338,0.951068271843458,0.168821375673543,5.63357731240492,1.76509333310133e-08,2.01308894640207e-05
"ENSGMOG00000011698",20.716488566526,0.66005520455907,0.152472182186782,4.32902051438134,1.49773983295539e-05,0.00671338041199473
"ENSGMOG00000012235",3887.52407206363,0.858177176150568,0.187751391694093,4.57081659106322,4.85827351077034e-06,0.00287303900542481
"ENSGMOG00000013507",702.789454020205,0.892368309290585,0.171091196717137,5.21574649317537,1.83078420408507e-07,0.000153853323087507
"ENSGMOG00000015064",5843.84238906935,0.73356668775499,0.163605370679115,4.48375676611352,7.33402573971529e-06,0.00390341296620113
"ENSGMOG00000015073",58.3478212634844,0.968795140668683,0.192922905347962,5.0216698681856,5.12241725194569e-07,0.000389474458389604
"ENSGMOG00000016347",7901.92435240476,0.695546403736246,0.160756971774377,4.32669511038345,1.51363245964684e-05,0.00671338041199473
"ENSGMOG00000016366",5851.39521132669,0.757641443054159,0.168893295201163,4.48591782256222,7.2600721784994e-06,0.00390341296620113
"ENSGMOG00000016541",45.1453191368686,1.38469962336153,0.186677539758215,7.41760163089244,1.1926016953721e-13,4.76056781750158e-10
"ENSGMOG00000016966",68511.8514648746,0.852923130851468,0.165871300140332,5.14207780447774,2.71716540591438e-07,0.000216924900181174
"ENSGMOG00000017771",597.213824726588,0.703304035124792,0.159496173845412,4.40953546513568,1.03592593102945e-05,0.00501231192143854
"ENSGMOG00000018489",32.8259841577256,0.568799161162085,0.146200463931973,3.89054279216752,0.000100020235705578,0.0409493103464351
"ENSGMOG00000018518",54.0513898448535,1.01468462132577,0.190920160480985,5.31470651799935,1.06829362771865e-07,0.000113716295691892
"ENSGMOG00000018930",462.465361137016,2.36597658776535,0.192129441480771,12.3144926125346,7.56896987715976e-35,1.2085374202861e-30
"ENSGMOG00000019156",1388.70674158272,0.98442907899731,0.155607305125507,6.32636802111127,2.50998783904023e-10,4.00769758259553e-07
"ENSGMOG00000019728",2902.96012572785,1.07106066369668,0.173704924529076,6.16597754266544,7.00490264779402e-10,1.01679345979388e-06
"ENSGMOG00000019929",497.954784530637,1.00670712310317,0.190619208269848,5.28124700674462,1.28307567669033e-07,0.000120510996057144
"ENSGMOG00000019974",2189.42600642164,0.747701299716289,0.184603916837677,4.05030029982378,5.11519468534293e-05,0.0220741387948299
"ENSGMOG00000020520",147.154472735002,1.14733352108427,0.186550029937301,6.15027251118581,7.73499293686459e-10,1.02920526852431e-06
