"","baseMean","log2FoldChange","lfcSE","stat","pvalue","padj"
"ENSGMOG00000000575",4137.13081142707,0.577907494809022,0.13138904989148,4.39844488780719,1.09029304817912e-05,0.00366469299353966
"ENSGMOG00000000665",64.821843829248,1.23460948298644,0.141934637773145,8.69843684640059,3.36486986644331e-18,1.88500009918154e-14
"ENSGMOG00000000785",398.070137984611,0.540774220725223,0.14031549615932,3.85398787394947,0.00011620935327161,0.0282166932842093
"ENSGMOG00000000846",447.481826866211,0.55812212122714,0.147465205144222,3.78477160548683,0.000153849804022957,0.0352095982935157
"ENSGMOG00000001225",37.4957482077367,0.735713232938518,0.137174614964149,5.36333368335532,8.16998774120104e-08,4.90374335637945e-05
"ENSGMOG00000001777",197.410205939299,0.595837599883403,0.142413657617216,4.18385153399341,2.86611329932655e-05,0.00830481036353137
"ENSGMOG00000001997",59.7434082183545,0.860205470909649,0.144849534457065,5.93861398404853,2.8744177237891e-09,2.41537321329998e-06
"ENSGMOG00000002177",33.5407089061346,1.03461321872615,0.135324717691287,7.64541198664376,2.08277375666413e-14,5.00044225064247e-11
"ENSGMOG00000002238",87.4737257326183,1.175164477141,0.143153708325277,8.20910957102673,2.22834812682286e-16,7.48992372387699e-13
"ENSGMOG00000002302",196.383280196185,0.677952467911679,0.142938841151964,4.74295483612407,2.10623240078263e-06,0.000892014458693152
"ENSGMOG00000002650",426.581028032459,0.621086734823996,0.142579792690626,4.35606422974431,1.32421933520836e-05,0.00419902455613427
"ENSGMOG00000002736",755.008179819537,0.731422159306377,0.122401383714595,5.9756036828133,2.29239684578442e-09,2.0276853363291e-06
"ENSGMOG00000003237",208.705377368337,1.12951337237116,0.148725832516019,7.59460110770937,3.08742005048943e-14,6.48589767106567e-11
"ENSGMOG00000003279",3424.2946105453,0.653712983508556,0.124124929946251,5.26657282941977,1.38994120045653e-07,7.53527477899112e-05
"ENSGMOG00000003762",82.4351051604671,0.644891017477724,0.150364112474272,4.28886259404529,1.79590427823102e-05,0.00538963701784832
"ENSGMOG00000003882",15838.631514921,1.24304575992149,0.119566750129006,10.3962494471106,2.57884643696429e-25,2.16700466098109e-21
"ENSGMOG00000003971",7479.30301834019,0.680793150918009,0.125515008488488,5.4239979673861,5.82805446767239e-08,3.91785133534809e-05
"ENSGMOG00000004610",3571.31120867481,0.559812340868963,0.124357404820094,4.50164058729623,6.7430939451079e-06,0.00257555538276099
"ENSGMOG00000004684",913.931957346331,0.654971386673103,0.134997061984887,4.85174549018281,1.22379606375209e-06,0.000587631904211932
"ENSGMOG00000005198",1961.64353210042,0.568872956471341,0.119981455458545,4.7413406871689,2.12308570437499e-06,0.000892014458693152
"ENSGMOG00000005292",173.462251358311,0.925409266250665,0.148946621766637,6.21302621888637,5.19737730275616e-10,5.4591951843825e-07
"ENSGMOG00000005342",1287.92442666972,0.587597893264486,0.109896311961226,5.3468390592744,8.95035340966127e-08,5.18688411733681e-05
"ENSGMOG00000005360",1052.33210693207,0.458522784161089,0.104668771873059,4.38070282048574,1.18297121284919e-05,0.00389823807904773
"ENSGMOG00000005554",60.6501377850138,0.554530200673279,0.150081362239527,3.6948638551685,0.000220004638445368,0.0456468883174427
"ENSGMOG00000005645",237.162713688296,-0.483325915766415,0.128350393592032,-3.76567536912032,0.000166099490622192,0.0362528316804747
"ENSGMOG00000006081",1007.42847190926,0.580678073229427,0.107453111556531,5.4040135722262,6.51660103253069e-08,4.21223065202734e-05
"ENSGMOG00000006123",1097.68160298515,0.965448893651995,0.144847232155979,6.66529059120959,2.64142190652681e-11,3.41474896623766e-08
"ENSGMOG00000006688",15.2874560077823,0.430826094463968,0.105724314139137,4.07499540642075,4.60152553578131e-05,0.0124731029281195
"ENSGMOG00000006817",1863.17537694074,0.538572003995041,0.120511707388484,4.46904301387821,7.85703309534808e-06,0.00287054996087869
"ENSGMOG00000006837",375.038600385026,0.607703692592323,0.136680322108545,4.44616813318391,8.74155409056457e-06,0.00306063662595892
"ENSGMOG00000007256",2749.23721781502,0.432651636915467,0.110688775245425,3.90872187316346,9.27857091551836e-05,0.0232739795233137
"ENSGMOG00000007584",65.189742664594,0.754777510893018,0.127449635693332,5.92216295313043,3.17734543894937e-09,2.54278416414205e-06
"ENSGMOG00000007586",2263.15337241951,-0.289317071899449,0.0764859883627193,-3.78261532723381,0.000155189150896033,0.0352095982935157
"ENSGMOG00000007600",162.50936836501,0.605963623104362,0.150584189689277,4.02408529311567,5.71971865334442e-05,0.0150196237012666
"ENSGMOG00000007652",985.692114820673,0.622455575695594,0.128922914300008,4.82812213077279,1.37826560895135e-06,0.00062603058983882
"ENSGMOG00000007683",58.4388537926955,0.521764365776753,0.138099699561948,3.77817162116782,0.000157983994585549,0.0352095982935157
"ENSGMOG00000008920",206.221795497993,0.577956969951393,0.133914884683259,4.31585309817053,1.58987688767372e-05,0.00494805018041564
"ENSGMOG00000009251",712.793098775833,0.405673250950783,0.0999836511300925,4.05739584787663,4.96229348885551e-05,0.0132375086307469
"ENSGMOG00000009703",1285.26434415146,0.648160533432595,0.114800027173048,5.64599634158246,1.64227337349503e-08,1.25454755977079e-05
"ENSGMOG00000009714",2936.35419797776,0.598711373768034,0.123330197045427,4.85453999191705,1.2066651760663e-06,0.000587631904211932
"ENSGMOG00000009781",167.976792726446,0.710565901754567,0.133845048599673,5.30886954122489,1.10307249303545e-07,6.17941210598459e-05
"ENSGMOG00000010051",659.200557272516,0.448034556399546,0.102825246808681,4.35724270356647,1.31711190554176e-05,0.00419902455613427
"ENSGMOG00000010514",58.819287524405,0.614323434775805,0.150648617237124,4.07785644529913,4.54528149592536e-05,0.0124731029281195
"ENSGMOG00000010752",3974.41934140622,0.721990232682849,0.128487063772278,5.61916671986884,1.91880631807968e-08,1.40206343398466e-05
"ENSGMOG00000010875",5483.40524471308,0.848310169370321,0.115944123530429,7.31654303417703,2.54440451720995e-13,4.75125136847005e-10
"ENSGMOG00000011057",976.719859008193,0.932402710329488,0.130098002331351,7.1669256531297,7.67006575369839e-13,1.28903125056655e-09
"ENSGMOG00000011179",92.3382245776788,-0.647237776962196,0.150633433263606,-4.29677371709068,1.73301941720495e-05,0.00529547715009934
"ENSGMOG00000011232",2141.98318027698,0.490575139451864,0.115583841533972,4.2443228477371,2.19254497968007e-05,0.00646454577693038
"ENSGMOG00000011560",133.024864505446,0.668232626106056,0.14935825736987,4.47402532590646,7.67606441468562e-06,0.00286675419007126
"ENSGMOG00000011783",239.331129828334,-0.494360347633983,0.13090383947015,-3.77651526215709,0.000159037818667838,0.0352095982935157
"ENSGMOG00000012229",403.969625987172,0.926375131852318,0.145543201179939,6.36494954310516,1.95353944813814e-10,2.18874559769398e-07
"ENSGMOG00000012235",4752.99019642984,1.06730219752877,0.133645595611025,7.98606338390044,1.39316074524599e-15,3.90224324743403e-12
"ENSGMOG00000012449",1426.72583810824,0.779253295773179,0.14258030549466,5.46536418946279,4.61957364993481e-08,3.23485644836685e-05
"ENSGMOG00000013032",2276.23079996259,-0.354405580478991,0.0950935026841814,-3.72691688154574,0.000193836345867865,0.0407201703581918
"ENSGMOG00000013035",1245.8283275327,0.542856093665213,0.106971098063105,5.07479219615906,3.87919702803575e-07,0.000197556925009603
"ENSGMOG00000013100",526.020849041662,-0.434615370473716,0.108877622791356,-3.99177865323692,6.55795701838791e-05,0.016955850100158
"ENSGMOG00000013259",508.165220819984,0.686565103269926,0.149032810240006,4.60680505295623,4.08903021633729e-06,0.00163619623370868
"ENSGMOG00000013507",795.933988702738,0.386699547003968,0.102403798488418,3.77622268618975,0.000159224650143234,0.0352095982935157
"ENSGMOG00000013807",16670.6302489725,-0.534021715058734,0.135765175599698,-3.9334219007184,8.37450572032165e-05,0.0213245368387463
"ENSGMOG00000014183",33.312896914681,0.658197450537362,0.127342984253421,5.16869817678771,2.35730236134533e-07,0.000123802573389905
"ENSGMOG00000014491",559.379905273337,0.399207756402453,0.0970863149433519,4.11188494109992,3.92441877043954e-05,0.0111786070942385
"ENSGMOG00000014528",65.2514541024319,0.56158295370324,0.148309137078661,3.78657016529861,0.000152740980086416,0.0352095982935157
"ENSGMOG00000014873",7955.12258048533,0.459299090383782,0.0985066880096248,4.6626183426135,3.1221144084788e-06,0.00127976231094865
"ENSGMOG00000015073",57.535160162457,0.661200675040442,0.14607766001039,4.52636409286276,6.00071597960964e-06,0.0023453030872865
"ENSGMOG00000016102",2850.68291365597,-0.590265504595539,0.122220290830426,-4.82952135512832,1.36861636693603e-06,0.00062603058983882
"ENSGMOG00000016259",871.586802737234,0.567299962923477,0.0881463096603295,6.43589011394304,1.22751818411531e-10,1.47354790016014e-07
"ENSGMOG00000016541",51.5332630376569,1.22552532542243,0.144426730868482,8.48544669018657,2.14891629495001e-17,9.02867181323245e-14
"ENSGMOG00000016966",56384.7503751995,0.386875042732994,0.0992100114846086,3.89955647563869,9.6369057604782e-05,0.0238173291486171
"ENSGMOG00000017686",7761.50703527727,-0.346299518002643,0.084933503901883,-4.07730167829524,4.55613623476354e-05,0.0124731029281195
"ENSGMOG00000017928",1299.38320393815,0.548349997400043,0.146592759410203,3.74063493726606,0.000183555967917396,0.0391425702972763
"ENSGMOG00000018391",408.079784658239,0.776073421549906,0.14461052265257,5.36664557540144,8.02144616872016e-08,4.90374335637945e-05
"ENSGMOG00000018437",887.634459955766,0.595141567583861,0.12463127899792,4.77521832696425,1.79512391792277e-06,0.000793917172752898
"ENSGMOG00000018518",75.2474963321744,0.8819079903461,0.144090334848215,6.12052148587972,9.32696049009955e-10,9.22052341156547e-07
"ENSGMOG00000018930",507.506171666432,2.53354158564461,0.14911874182268,16.9900949718131,9.72316176002616e-65,1.63407456539e-60
"ENSGMOG00000018986",376.974766637257,0.890442001981386,0.146568625487935,6.07525654973604,1.23789651267702e-09,1.15578271066944e-06
"ENSGMOG00000019156",1461.52938860138,0.90599537738822,0.130562976185781,6.93914464770672,3.94481065120294e-12,6.02695343673787e-09
"ENSGMOG00000019370",13.4857371772414,0.386797084436091,0.100434771128589,3.8512268220422,0.000117527581214724,0.0282166932842093
"ENSGMOG00000019728",3365.45868097569,0.982889729769201,0.14375651001759,6.83718413621013,8.07649043852955e-12,1.13111248591606e-08
"ENSGMOG00000019835",488.091010188832,0.671756848850223,0.150482902397136,4.46400779191117,8.04406369657373e-06,0.00287635179754506
"ENSGMOG00000019929",518.42304860244,0.449586974178223,0.120209424623055,3.74003099663781,0.000183997563577581,0.0391425702972763
"ENSGMOG00000019974",2071.89995042224,0.614359090985146,0.139074962491209,4.41746724198457,9.98641996267359e-06,0.00342513824270801
