"","logFC","logCPM","LR","PValue","FDR"
"ENSGMOG00000000855",5.72665413519517,2.45690543843346,119.693465685271,7.38317993517506e-28,1.43484718860192e-23
"ENSGMOG00000009114",4.09818379198758,3.9042108064714,111.217819372881,5.3013864776574e-26,5.15135724033969e-22
"ENSGMOG00000000318",5.88815441680008,9.43912155181404,83.1171646857813,7.73312771646502e-20,5.00952013472604e-16
"ENSGMOG00000006842",5.31492620217224,2.37663482675912,46.1064301910817,1.12000255575671e-11,5.44153241714396e-08
"ENSGMOG00000020520",2.00836097089578,1.96230187027722,33.1552825808192,8.50849060103578e-09,3.30708012681059e-05
"ENSGMOG00000001034",2.09978528565257,2.68113582774866,27.5437683606188,1.53579391899798e-07,0.000497443650363447
"ENSGMOG00000001139",1.36312220524323,4.45704003462432,25.8752875090648,3.64202045340934e-07,0.00101112893559367
"ENSGMOG00000002589",1.81771541538368,2.20869765996454,21.6726783287695,3.23364260756499e-06,0.00785532630442726
"ENSGMOG00000005676",1.49602010101713,1.20589774084071,20.8389758037911,4.99559332162821e-06,0.0107871511791692
"ENSGMOG00000016347",-1.62991049564368,2.49365129797086,20.4113742285517,6.24574735588111e-06,0.0120505308252326
"ENSGMOG00000000345",1.45511380571134,1.33113567538424,20.2428413449569,6.82082119365844e-06,0.0120505308252326
"ENSGMOG00000011389",5.39323000281552,-2.0729461643706,19.0608483813391,1.266159459867e-05,0.0205054524525461
"ENSGMOG00000011022",-5.47280661594782,-3.3797815373313,18.5083659685335,1.69160151323688e-05,0.0252881413909581
"ENSGMOG00000001247",1.27567228151469,3.32751655950812,17.6233376795196,2.69263704437804e-05,0.0373776488003164
"ENSGMOG00000007538",-1.14061750776096,0.651422341520497,17.1539692482518,3.44688380793751e-05,0.0446578266156384
