"","logFC","logCPM","LR","PValue","FDR"
"ENSGMOG00000019932",10.7024108364635,1.09973763852027,257.776756573261,5.23766814077929e-58,1.01846456997453e-53
"ENSGMOG00000018930",4.91989934010507,3.36753737555843,250.615353740951,1.90672325148831e-56,1.85381168125951e-52
"ENSGMOG00000002220",8.67084012852482,0.514605878716047,174.660782653588,7.10040999442849e-40,4.6022490780554e-36
"ENSGMOG00000002238",5.00877338617931,0.860125554234383,145.842229970071,1.40550411700754e-33,6.83250688880291e-30
"ENSGMOG00000002177",9.06575012829629,-0.449786530878956,144.798126607902,2.37736406614362e-33,9.24556885323255e-30
"ENSGMOG00000000665",6.118238516423,0.447764904637689,138.462897969066,5.77238455385228e-32,1.87073362749429e-28
"ENSGMOG00000016541",4.77057935162781,0.117580459857215,133.402187086159,7.38320731395292e-31,2.05094951742592e-27
"ENSGMOG00000007584",4.91676889740219,0.454511018813549,100.884678590267,9.74977927655143e-24,2.36980572540678e-20
"ENSGMOG00000003882",1.55194735705539,8.31854295929106,89.995365427234,2.387185582824e-21,5.15764707311252e-18
"ENSGMOG00000003237",1.96862061058864,2.0857445053435,58.6415967139351,1.89174372426173e-14,3.67849567182693e-11
"ENSGMOG00000012235",1.46870228090715,6.58672409764085,54.368322525741,1.66220889832812e-13,2.93833200254457e-10
"ENSGMOG00000011057",1.24506178184872,4.30352165742914,50.1433270776878,1.4291630337835e-12,2.17675093479474e-09
"ENSGMOG00000001225",2.94551665018519,-0.332976288730519,50.107802430065,1.45527190292268e-12,2.17675093479474e-09
"ENSGMOG00000018518",2.91193342671209,0.64021553222167,47.9447621244453,4.38397710330758e-12,5.86405452262645e-09
"ENSGMOG00000018489",5.85426022365803,-0.0963741408313552,47.8833057490653,4.52356995831303e-12,5.86405452262645e-09
"ENSGMOG00000019156",1.20926011994361,4.88059611099124,45.628277288116,1.42962757493724e-11,1.73744426216592e-08
"ENSGMOG00000014183",3.83742544556834,-0.446627035841412,44.842112113035,2.13579511939428e-11,2.38074026284022e-08
"ENSGMOG00000010875",1.04009885039062,6.78903347536367,44.7807183693862,2.20382230553478e-11,2.38074026284022e-08
"ENSGMOG00000001997",2.67514728536461,0.345871217338082,44.5660335845372,2.45921280576376e-11,2.5168101583198e-08
"ENSGMOG00000011389",6.56812842040729,-1.22833984971183,43.4989621290605,4.24184308748524e-11,4.12413194180753e-08
"ENSGMOG00000005292",1.62674960189425,1.83572756359452,40.6329267298314,1.83685189305119e-10,1.70083738382764e-07
"ENSGMOG00000006123",1.58256936655672,4.46830052341675,40.1313781283743,2.37444187499733e-10,2.09868282996923e-07
"ENSGMOG00000012229",1.48846699183136,3.042970303199,39.3184358986626,3.60025927078602e-10,3.04378441393192e-07
"ENSGMOG00000019728",1.55565825575013,6.08628879015323,37.248442915472,1.0399799621172e-09,8.42600431807041e-07
"ENSGMOG00000006684",5.55441087706283,-2.3069909765703,37.1491918483387,1.09428088097234e-09,8.51131669220289e-07
"ENSGMOG00000014761",5.68786871949889,-1.77324488903317,37.0289764777371,1.16386718326386e-09,8.70438360714068e-07
"ENSGMOG00000018986",1.47547603788224,2.9454857351875,35.9585068607134,2.01564437581775e-09,1.45163721806578e-06
"ENSGMOG00000002736",0.929177650651326,3.93373018040531,34.8744953785007,3.51657322504094e-09,2.44213451289004e-06
"ENSGMOG00000011698",5.44582270989746,-1.19005629019535,33.4977537657617,7.13463407133226e-09,4.78389515576055e-06
"ENSGMOG00000004365",5.62519520898493,-1.73802891884763,31.2583911052046,2.25869093511642e-08,1.46400817444462e-05
"ENSGMOG00000006688",4.92841479039984,-1.497688018974,29.8673708354487,4.62633311370639e-08,2.89867027382447e-05
"ENSGMOG00000009703",0.791672184805188,4.69837341282328,29.8079790758371,4.77024678644294e-08,2.89867027382447e-05
"ENSGMOG00000016259",0.630520579594894,4.13575428239773,29.5904883872253,5.33661719412621e-08,3.14456125272073e-05
"ENSGMOG00000010752",0.958080670138602,6.3253378349144,28.6698102468311,8.58314301608988e-08,4.90880046905493e-05
"ENSGMOG00000009781",0.979475105795966,1.77999134036538,28.2724737786058,1.0538395647437e-07,5.85483152469749e-05
"ENSGMOG00000018391",1.2250900189529,3.04863641065241,28.1672054258196,1.11274077041241e-07,6.01034563351928e-05
"ENSGMOG00000019370",5.66141158498596,-1.65015042354165,27.7174074499528,1.40393686443798e-07,7.37825738621527e-05
"ENSGMOG00000006081",0.685665394767539,4.35052867684547,27.0762928474798,1.9558183288937e-07,0.000100081282645626
"ENSGMOG00000016966",5.30991895753538,10.160959491936,26.8224999506581,2.23025497686154e-07,0.000111198225705315
"ENSGMOG00000005342",0.701925598101665,4.70302905531048,25.975471866885,3.45782798744015e-07,0.000168093663039434
"ENSGMOG00000012449",1.20011848735144,4.85362424114208,25.7319285211386,3.92283078483917e-07,0.000182217613420288
"ENSGMOG00000003971",0.883023498267618,7.2374085515113,25.7196569874394,3.94785384074792e-07,0.000182217613420288
"ENSGMOG00000003279",0.836730346576762,6.11041417888067,25.6801537525774,4.02949723685902e-07,0.000182217613420288
"ENSGMOG00000004390",6.66304053288747,3.84481879097602,24.8472151729529,6.20586337019002e-07,0.000274256848257602
"ENSGMOG00000015073",1.92224378936617,0.286938965167643,24.5977117522064,7.06355606738872e-07,0.000305224106067497
"ENSGMOG00000007652",0.831577436411761,4.31072205385226,24.3023542000975,8.23383677657058e-07,0.000348058600261772
"ENSGMOG00000013507",4.50123289349816,4.00578842453684,23.7862790204502,1.07647098940728e-06,0.00044536124231967
"ENSGMOG00000004684",0.916172087373137,4.20909925358473,23.471958508726,1.26747749307842e-06,0.00051346041360229
"ENSGMOG00000002302",1.03553169971628,2.00552357667398,23.3723239216813,1.33485307661215e-06,0.000521274311540968
"ENSGMOG00000013035",0.64193633942994,4.65345870645899,23.3643739321306,1.34038136163787e-06,0.000521274311540968
"ENSGMOG00000018575",4.78350248674058,-1.7893587864494,23.2330445088861,1.43510118918007e-06,0.000547167502423654
"ENSGMOG00000018437",0.767000664193512,4.16555112985001,22.8185036367555,1.78043253248383e-06,0.000665779049887464
"ENSGMOG00000011560",1.20349779306935,1.45719120384176,22.020318476509,2.69779378883913e-06,0.000989784909886357
"ENSGMOG00000005198",0.715695393886754,5.31036229857494,21.8461215218809,2.95413111981024e-06,0.00106376073379093
"ENSGMOG00000009714",0.764246936744951,5.88923542785342,21.6569481483717,3.26026904752043e-06,0.00115265330234609
"ENSGMOG00000003762",1.21433196633517,0.77521554767974,21.5861402132149,3.38287594510218e-06,0.00117464326343771
"ENSGMOG00000016102",-0.738033328276671,5.84174648157216,20.9768158998549,4.64875000360868e-06,0.00158587620737142
"ENSGMOG00000015089",1.60447278876608,0.949802880724532,20.8171773044753,5.05277476220148e-06,0.00169398629743117
"ENSGMOG00000020457",-5.70696653830816,-3.12953371520166,20.590369652008,5.688153276358e-06,0.001874680346759
"ENSGMOG00000006837",0.85715565365494,2.9243353266809,20.3562049828558,6.4284295395803e-06,0.00208334687328565
"ENSGMOG00000010514",1.35958174149969,0.324028325909289,20.1243478468301,7.2566979685367e-06,0.0023132211802983
"ENSGMOG00000011179",-1.21814088375527,0.897233533681774,20.0697773712498,7.46673444668001e-06,0.00234178469864021
"ENSGMOG00000014285",2.99910458832179,-1.48472476416702,19.9957508504969,7.76144450649664e-06,0.00239557600680678
"ENSGMOG00000012239",5.38071305365953,7.36190095754589,19.1856458153166,1.18601879175057e-05,0.00357073936458196
"ENSGMOG00000006817",0.671421790812828,5.2330026322925,19.1734620548934,1.19361305578723e-05,0.00357073936458196
"ENSGMOG00000004610",0.723455966067387,6.17358057435096,19.0381970762257,1.28127809298817e-05,0.0037749170482053
"ENSGMOG00000008920",0.794972897934191,2.07319092259876,18.8608491054025,1.4060908489988e-05,0.00408081142668382
"ENSGMOG00000002650",0.946648534692292,3.11216024610758,18.7540900502145,1.48704086806871e-05,0.00425228083523472
"ENSGMOG00000001777",0.916796482990188,2.01061321191216,18.7227450725417,1.51168541612837e-05,0.00426010477052409
"ENSGMOG00000012451",1.64089376635786,-0.249967807760511,18.2273038600835,1.96048126436959e-05,0.00536967376141587
"ENSGMOG00000013259",1.21438878830368,3.35553707906088,18.2271477049025,1.96064200082554e-05,0.00536967376141587
"ENSGMOG00000007683",2.04696315635288,0.288131594053757,18.1555614200775,2.03574043120388e-05,0.00549791287288326
"ENSGMOG00000000575",0.789790009276236,6.37986775535206,17.8876644696805,2.34335090975307e-05,0.00624198060823952
"ENSGMOG00000014528",1.4748266757592,0.451403286219974,17.6152795553324,2.70407018820503e-05,0.00710549254184416
"ENSGMOG00000005761",4.5447107244576,-2.25507690456182,17.1055227041495,3.5359334741786e-05,0.00909059763491015
"ENSGMOG00000019929",2.55003127252654,3.39042879965022,17.0963654518139,3.55302350348764e-05,0.00909059763491015
"ENSGMOG00000005360",0.53693012294734,4.40797034009866,16.983668977321,3.77027233470319e-05,0.00952116175951994
"ENSGMOG00000011232",0.602088205398368,5.43729681477593,16.6562868289907,4.48015747643863e-05,0.011168802837096
"ENSGMOG00000010051",0.519831497674685,3.73699087456072,16.4682993286874,4.94703554255127e-05,0.0121765957120139
"ENSGMOG00000012762",3.03429688111988,-2.43991861792272,16.418285835772,5.07928687655212e-05,0.0123458416643195
"ENSGMOG00000005554",1.30155357830053,0.340496787520464,16.3509105617691,5.26308695455472e-05,0.0126346575100391
"ENSGMOG00000019974",0.87185689088789,5.38585834920509,16.2940155445142,5.42349651096219e-05,0.0128609621531292
"ENSGMOG00000007600",1.38061475560088,1.73023985691061,16.2632089653667,5.51239491901656e-05,0.0129142794217201
"ENSGMOG00000004671",3.81378059507345,-1.92575659618193,16.1107540333347,5.97438172585067e-05,0.0138299824594245
"ENSGMOG00000014294",1.97284910310661,-0.0851840295413217,15.9700545412837,6.43523976571592e-05,0.0147215573228642
"ENSGMOG00000017017",-4.77318546846883,-3.8086540141406,15.7475370155827,7.23821162555089e-05,0.0163659331463764
"ENSGMOG00000014873",0.526011826539894,7.32651463300345,15.697896966181,7.4306743184919e-05,0.0166079841520776
"ENSGMOG00000019500",4.8143358262237,-3.69628745266787,15.6281380434088,7.70987480661863e-05,0.0170361949562158
"ENSGMOG00000000785",0.79923391617488,3.02175477066454,15.543064106034,8.06469791529311e-05,0.0176200057261657
"ENSGMOG00000016904",2.92077727803566,-2.05956655558849,14.6921144251722,0.000126574816351534,0.0273471922661732
"ENSGMOG00000005889",3.51632174686521,-1.44320453788253,14.5848067812849,0.000133990507376476,0.0285247834757688
"ENSGMOG00000000846",0.964345913132978,3.18987695784281,14.5712341173125,0.000134959119556222,0.0285247834757688
"ENSGMOG00000000777",0.891514703963082,0.659614832020858,14.1912085327655,0.000165140278736827,0.0345285238713722
"ENSGMOG00000007490",4.77162430797132,-3.69939918232981,14.0879131089925,0.000174461276144258,0.0359141488843718
"ENSGMOG00000001894",0.918432354323721,2.23018269391307,14.0724014838497,0.000175906042314753,0.0359141488843718
"ENSGMOG00000013100",-0.507531649557648,3.40986978316059,14.0574693493778,0.000177308217685765,0.0359141488843718
"ENSGMOG00000000887",1.92832123102117,-1.45333018709948,13.9677310537697,0.000185975306182631,0.0372813384404253
"ENSGMOG00000005645",-0.634057401976641,2.25899565295013,13.8563836430733,0.00019732527474488,0.0391529588511652
"ENSGMOG00000009251",0.468482148958519,3.85232322817083,13.801621014212,0.000203160867413917,0.0399036673420567
"ENSGMOG00000020373",1.65082746014874,-1.58464596670857,13.7021725821237,0.000214206541206992,0.0412681066977382
"ENSGMOG00000005971",0.698242330426047,3.78635742069053,13.7008958507564,0.000214352212726745,0.0412681066977382
"ENSGMOG00000001992",-0.858108389481131,0.356229206481454,13.6496475457931,0.000220282665897208,0.0419940827291296
"ENSGMOG00000011783",-0.656424654642131,2.26701712756469,13.623900940076,0.000223324179810043,0.0421605696738475
"ENSGMOG00000007256",0.521304281437153,5.79482364239463,13.5451450992492,0.000232893070516045,0.0435442861171585
"ENSGMOG00000013782",0.525195015742217,4.0858701828704,13.4389528122081,0.00024645315192816,0.0456407765642198
"ENSGMOG00000014491",0.457204165601778,3.50745362543204,13.3885269097284,0.00025316814569792,0.0464420244631702
"ENSGMOG00000005873",-0.650670862278579,3.02609146930084,13.3361599781502,0.000260336910594823,0.0473107591263209
