"","logFC","logCPM","LR","PValue","FDR"
"ENSGMOG00000019932",10.4845761535878,1.04527280660046,147.188125831722,7.13848668604565e-34,1.38072609481495e-29
"ENSGMOG00000018930",4.89945075141584,3.3063507326584,145.004806445239,2.14244728415918e-33,2.07196076851034e-29
"ENSGMOG00000000318",5.1080201500403,8.91422770865881,118.57342175495,1.29857347757951e-27,8.37233606778093e-24
"ENSGMOG00000002238",4.7116837756106,0.821517717887984,91.3155155170381,1.22496370383538e-21,5.92331198989596e-18
"ENSGMOG00000002220",8.27574002697203,0.326411559263529,87.5985888913163,8.01818275602508e-21,3.10175381734074e-17
"ENSGMOG00000016541",4.79369803663248,0.0361640832789592,77.0424612681836,1.67321669313229e-18,5.39389287976078e-15
"ENSGMOG00000002177",8.91824708287715,-0.603470569367061,75.0604789125061,4.56513567263024e-18,1.26141220257163e-14
"ENSGMOG00000000665",6.42854301777896,0.634139200768293,71.5286690295852,2.73258776645171e-17,6.60671407233863e-14
"ENSGMOG00000001997",3.01149948953828,0.670307711384389,49.1885910768299,2.32499024249236e-12,4.99666236336525e-09
"ENSGMOG00000004390",6.18874991428449,4.69383269875202,48.3350309189461,3.59276317613487e-12,6.94912253528006e-09
"ENSGMOG00000007584",5.04086395056242,0.810589685526674,47.4936709712794,5.51818174308594e-12,9.70297011588803e-09
"ENSGMOG00000009114",3.60284123521077,3.61989562985154,45.687470689899,1.38707158220099e-11,2.23572821191096e-08
"ENSGMOG00000003882",1.60366766995319,8.09561891826711,38.3706877543405,5.85045821043163e-10,8.70458174662835e-07
"ENSGMOG00000011698",6.03375087680806,-1.01960395680679,37.1097147218833,1.11666012581738e-09,1.54274572525426e-06
"ENSGMOG00000006684",5.90503138280579,-2.10834521634956,34.2206900831393,4.92030409706447e-09,6.07138957293009e-06
"ENSGMOG00000016966",4.95366626177281,10.457855590233,34.1807440658724,5.02234687037956e-09,6.07138957293009e-06
"ENSGMOG00000020520",1.85778793340526,1.68743343685127,32.7285020901673,1.05971867509527e-08,1.15663160752102e-05
"ENSGMOG00000019728",1.50181147732151,5.98481103054726,32.6981767812507,1.076381394653e-08,1.15663160752102e-05
"ENSGMOG00000013507",4.55077983966627,3.93080176343724,31.3041702300271,2.20605266421376e-08,2.24576161216961e-05
"ENSGMOG00000018489",5.74393906470954,-0.408495167853665,30.5782578924868,3.20667176603547e-08,3.1011722649329e-05
"ENSGMOG00000003237",1.655847552483,1.75565985098951,29.545920736783,5.46074609552285e-08,5.0296071895049e-05
"ENSGMOG00000002699",1.90900310761207,0.0311031576637407,28.3046986746516,1.03644103430834e-07,9.11220112981451e-05
"ENSGMOG00000018518",2.50896660216661,0.294607455607058,27.8817175839798,1.28962573299289e-07,0.000108451917076298
"ENSGMOG00000019929",2.50504646051219,3.4433877499448,25.3053917863933,4.89338972640601e-07,0.000394366433700604
"ENSGMOG00000001225",3.21750842040506,-0.239915892428311,24.4934217976089,7.45639757195476e-07,0.000576886567346995
"ENSGMOG00000015073",1.97157370866219,0.3503201075012,24.3461422030736,8.04877721128475e-07,0.000598767110848729
"ENSGMOG00000006842",4.28396291428206,1.18870244093621,23.9443603129427,9.91603430690971e-07,0.000710355316904621
"ENSGMOG00000014761",5.30738608384806,-2.12958943871427,23.8576839575051,1.03727000845951e-06,0.000716531303700851
"ENSGMOG00000011057",1.26612872242268,4.21299666764341,23.5753406911973,1.20117031796711e-06,0.000801139182417928
"ENSGMOG00000019156",1.20623710286812,4.9158435799927,23.5082088601605,1.24381940596809e-06,0.000801931831674491
"ENSGMOG00000014183",3.59824563662431,-0.97861000229851,21.5725210996776,3.40698325385136e-06,0.00212573774503203
"ENSGMOG00000012235",1.37068268445982,6.36603269790427,19.9711293406869,7.86203195131762e-06,0.00475210693757455
"ENSGMOG00000012239",4.6470339515565,8.16369886875762,19.6939434940685,9.08889656217598e-06,0.0053271950698669
"ENSGMOG00000001034",1.88151698222551,2.45357657230212,18.4072595259237,1.78377103384987e-05,0.0101475586284483
"ENSGMOG00000016366",3.4022500543517,6.91206157143474,18.2956988119532,1.89133719850747e-05,0.010452069741009
"ENSGMOG00000004365",5.10557414764066,-2.08142345752857,17.0392613215867,3.6614852741926e-05,0.0196723467148426
"ENSGMOG00000013603",-1.64902005183027,0.616777272886541,16.8953566535609,3.94980863256593e-05,0.0206478915057
"ENSGMOG00000003971",0.888936063277226,6.87080216001871,16.4196811269533,5.07554951743999e-05,0.0258345470437695
"ENSGMOG00000016347",3.39763290014494,7.35544845784995,16.0815332989036,6.06728081878846e-05,0.0300811393183725
"ENSGMOG00000019974",1.17163216199756,5.57348625992562,16.0341882430872,6.22089531969237e-05,0.0300811393183725
"ENSGMOG00000015064",0.942737949046241,6.98136846220221,15.725969447134,7.32120884348042e-05,0.0345382491342923
"ENSGMOG00000003423",-1.6223443668974,0.804765019483962,15.6594721813474,7.58318182293246e-05,0.0349223578140856
"ENSGMOG00000016936",2.95891660500358,-2.34844232386429,15.3316053761985,9.01948358804578e-05,0.0405708957116236
"ENSGMOG00000015850",5.41554766472886,-3.04444443860254,15.1034241725267,0.000101778507581819,0.0445254952811483
"ENSGMOG00000006688",5.04545415530751,-1.73648571011214,15.0701132354706,0.000103590491554734,0.0445254952811483
"ENSGMOG00000014965",-5.07696993488403,-3.29562846381256,15.0163816364818,0.000106581959309322,0.0448153968904544
"ENSGMOG00000005761",4.57302123736875,-2.52124070178474,14.7866101479611,0.000120387284458803,0.0495432097021738
"ENSGMOG00000012451",2.31396309431765,-0.350516607574347,14.7298745118789,0.000124064794000741,0.0499929426158819
